{
 "cells": [
  {
   "cell_type": "markdown",
   "source": [
    "## AP1 - Pose Estimation - Evaluation"
   ],
   "metadata": {
    "collapsed": false,
    "pycharm": {
     "name": "#%% md\n"
    }
   }
  },
  {
   "cell_type": "markdown",
   "source": [],
   "metadata": {
    "collapsed": false,
    "pycharm": {
     "name": "#%% md\n"
    }
   }
  },
  {
   "cell_type": "markdown",
   "source": [
    "### 1. Extract MP4 from MKV-Files:\n"
   ],
   "metadata": {
    "collapsed": false,
    "pycharm": {
     "name": "#%% md\n"
    }
   }
  },
  {
   "cell_type": "code",
   "execution_count": 7,
   "outputs": [],
   "source": [
    "from Utils import extractMp4"
   ],
   "metadata": {
    "collapsed": false,
    "pycharm": {
     "name": "#%%\n"
    }
   }
  },
  {
   "cell_type": "code",
   "execution_count": 8,
   "outputs": [],
   "source": [
    "extractMp4()"
   ],
   "metadata": {
    "collapsed": false,
    "pycharm": {
     "name": "#%%\n"
    }
   }
  },
  {
   "cell_type": "markdown",
   "source": [
    "### 2. Run Mediapipe Pose Estimation on MP4 File"
   ],
   "metadata": {
    "collapsed": false,
    "pycharm": {
     "name": "#%% md\n"
    }
   },
   "outputs": [
    {
     "ename": "SyntaxError",
     "evalue": "invalid syntax (1122470143.py, line 1)",
     "output_type": "error",
     "traceback": [
      "\u001B[1;36m  Input \u001B[1;32mIn [14]\u001B[1;36m\u001B[0m\n\u001B[1;33m    2. Run Mediapipe Pose Estimation on MP4 File\u001B[0m\n\u001B[1;37m       ^\u001B[0m\n\u001B[1;31mSyntaxError\u001B[0m\u001B[1;31m:\u001B[0m invalid syntax\n"
     ]
    }
   ],
   "execution_count": 14
  },
  {
   "cell_type": "code",
   "execution_count": 10,
   "outputs": [],
   "source": [
    "from PoseEstimation import mediapipe_estimation"
   ],
   "metadata": {
    "collapsed": false,
    "pycharm": {
     "name": "#%%\n"
    }
   }
  },
  {
   "cell_type": "code",
   "execution_count": 11,
   "outputs": [],
   "source": [
    "mediapipe_estimation(input_mp4='1_output_extract', output_xlsx='2_output_mediapipe', verbose=False)"
   ],
   "metadata": {
    "collapsed": false,
    "pycharm": {
     "name": "#%%\n"
    }
   }
  },
  {
   "cell_type": "markdown",
   "source": [
    "\n",
    "### 3. Create Transformed Depth, read depth, create 3D-coordinates and store new xlsx-File"
   ],
   "metadata": {
    "collapsed": false,
    "pycharm": {
     "name": "#%% md\n"
    }
   }
  },
  {
   "cell_type": "code",
   "execution_count": 3,
   "outputs": [],
   "source": [
    "from PoseEstimation import depth_3d_estimation, depth_3d_estimation_evaluation"
   ],
   "metadata": {
    "collapsed": false,
    "pycharm": {
     "name": "#%%\n"
    }
   }
  },
  {
   "cell_type": "markdown",
   "source": [
    "If marker is visible in the video, take the normal estimation function.\n",
    "If not, take the evaluation function. The rotation matrix is then not calculated with the marker, but a default rotation matrix is loaded."
   ],
   "metadata": {
    "collapsed": false,
    "pycharm": {
     "name": "#%% md\n"
    }
   }
  },
  {
   "cell_type": "code",
   "execution_count": 13,
   "outputs": [],
   "source": [
    "depth_3d_estimation(input_mkv='1_output_extract', input_xlsx='2_output_mediapipe', output_xlsx='3_output_depth3d', interpolation=True, verbose=False, switch_axes=False)"
   ],
   "metadata": {
    "collapsed": false,
    "pycharm": {
     "name": "#%%\n"
    }
   }
  },
  {
   "cell_type": "markdown",
   "source": [
    "### Struktur Koordinaten je Landmark am Ende\n",
    "\n",
    "| MP_x | MP_y | MP_z | vis  | Depth (Kinect Wert in mm) | 3D_x | 3D_y | World_x | World_y | World_z | Interpolated-Flag |\n",
    "|------|------|------|-------------------------------|---|------|------|---------|---------|---------|---|\n",
    "|      |      |      |                               |  |      |      |         |         |         | |"
   ],
   "metadata": {
    "collapsed": false,
    "pycharm": {
     "name": "#%% md\n"
    }
   }
  },
  {
   "cell_type": "markdown",
   "source": [
    "## 4. Evaluation\n"
   ],
   "metadata": {
    "collapsed": false,
    "pycharm": {
     "name": "#%% md\n"
    }
   }
  },
  {
   "cell_type": "markdown",
   "source": [
    "Ausrichtung der Puppe"
   ],
   "metadata": {
    "collapsed": false,
    "pycharm": {
     "name": "#%% md\n"
    }
   }
  },
  {
   "cell_type": "code",
   "execution_count": 1,
   "outputs": [],
   "source": [
    "import math\n",
    "import numpy as np\n",
    "import cv2\n",
    "import pyk4a\n",
    "import cv2\n",
    "import mediapipe as mp\n",
    "import matplotlib.pyplot as plt\n",
    "import matplotlib\n",
    "import numpy as np\n",
    "import pandas as pd\n",
    "import time\n",
    "import imutils\n",
    "from helpers import colorize, convert_to_bgra_if_required\n",
    "from pyk4a import PyK4APlayback\n",
    "import pyk4a\n",
    "from WorldCoordinates import calculateWorldTransMat\n",
    "from Utils import getAllMp4, getAllMkv\n",
    "import os\n",
    "from statistics import median\n",
    "#\n",
    "# k4a = pyk4a.PyK4A(\n",
    "#     pyk4a.Config(\n",
    "#         color_resolution=pyk4a.ColorResolution.RES_1080P,\n",
    "#         depth_mode=pyk4a.DepthMode.WFOV_UNBINNED,\n",
    "#         synchronized_images_only=False,\n",
    "#         camera_fps=pyk4a.FPS.FPS_15\n",
    "#     ),\n",
    "# )\n",
    "#\n",
    "# k4a.start()\n",
    "#\n",
    "# intrinsic = k4a.calibration.get_camera_matrix(pyk4a.calibration.CalibrationType.COLOR)\n",
    "# distortion = k4a.calibration.get_distortion_coefficients(pyk4a.calibration.CalibrationType.COLOR)\n",
    "# k4a.stop()\n",
    "# print(intrinsic)\n",
    "# print(distortion)\n",
    "\n",
    "\n",
    "ARUCO_DICT = {\n",
    "\t\"DICT_4X4_50\": cv2.aruco.DICT_4X4_50,\n",
    "\t\"DICT_4X4_100\": cv2.aruco.DICT_4X4_100,\n",
    "\t\"DICT_4X4_250\": cv2.aruco.DICT_4X4_250,\n",
    "\t\"DICT_4X4_1000\": cv2.aruco.DICT_4X4_1000,\n",
    "\t\"DICT_5X5_50\": cv2.aruco.DICT_5X5_50,\n",
    "\t\"DICT_5X5_100\": cv2.aruco.DICT_5X5_100,\n",
    "\t\"DICT_5X5_250\": cv2.aruco.DICT_5X5_250,\n",
    "\t\"DICT_5X5_1000\": cv2.aruco.DICT_5X5_1000,\n",
    "\t\"DICT_6X6_50\": cv2.aruco.DICT_6X6_50,\n",
    "\t\"DICT_6X6_100\": cv2.aruco.DICT_6X6_100,\n",
    "\t\"DICT_6X6_250\": cv2.aruco.DICT_6X6_250,\n",
    "\t\"DICT_6X6_1000\": cv2.aruco.DICT_6X6_1000,\n",
    "\t\"DICT_7X7_50\": cv2.aruco.DICT_7X7_50,\n",
    "\t\"DICT_7X7_100\": cv2.aruco.DICT_7X7_100,\n",
    "\t\"DICT_7X7_250\": cv2.aruco.DICT_7X7_250,\n",
    "\t\"DICT_7X7_1000\": cv2.aruco.DICT_7X7_1000,\n",
    "\t\"DICT_ARUCO_ORIGINAL\": cv2.aruco.DICT_ARUCO_ORIGINAL,\n",
    "\t\"DICT_APRILTAG_16h5\": cv2.aruco.DICT_APRILTAG_16h5,\n",
    "\t\"DICT_APRILTAG_25h9\": cv2.aruco.DICT_APRILTAG_25h9,\n",
    "\t\"DICT_APRILTAG_36h10\": cv2.aruco.DICT_APRILTAG_36h10,\n",
    "\t\"DICT_APRILTAG_36h11\": cv2.aruco.DICT_APRILTAG_36h11\n",
    "}\n",
    "\n",
    "def aruco_display(image, corners, ids, rejected):\n",
    "\n",
    "\tif len(corners) > 0:\n",
    "\n",
    "\t\tids = ids.flatten()\n",
    "\n",
    "\t\tfor (markerCorner, markerID) in zip(corners, ids):\n",
    "\n",
    "\t\t\tcorners = markerCorner.reshape((4, 2))\n",
    "\t\t\t(topLeft, topRight, bottomRight, bottomLeft) = corners\n",
    "\n",
    "\t\t\ttopRight = (int(topRight[0]), int(topRight[1]))\n",
    "\t\t\tbottomRight = (int(bottomRight[0]), int(bottomRight[1]))\n",
    "\t\t\tbottomLeft = (int(bottomLeft[0]), int(bottomLeft[1]))\n",
    "\t\t\ttopLeft = (int(topLeft[0]), int(topLeft[1]))\n",
    "\n",
    "\t\t\tcv2.line(image, topLeft, topRight, (0, 255, 0), 2)\n",
    "\t\t\tcv2.line(image, topRight, bottomRight, (0, 255, 0), 2)\n",
    "\t\t\tcv2.line(image, bottomRight, bottomLeft, (0, 255, 0), 2)\n",
    "\t\t\tcv2.line(image, bottomLeft, topLeft, (0, 255, 0), 2)\n",
    "\n",
    "\t\t\tcX = int((topLeft[0] + bottomRight[0]) / 2.0)\n",
    "\t\t\tcY = int((topLeft[1] + bottomRight[1]) / 2.0)\n",
    "\t\t\tcv2.circle(image, (cX, cY), 4, (0, 0, 255), -1)\n",
    "\n",
    "\t\t\tcv2.putText(image, str(markerID),(topLeft[0], topLeft[1] - 10), cv2.FONT_HERSHEY_SIMPLEX,\n",
    "\t\t\t\t0.5, (0, 255, 0), 2)\n",
    "\t\t\tprint(\"[Inference] ArUco marker ID: {}\".format(markerID))\n",
    "\n",
    "\treturn image\n",
    "\n",
    "\n",
    "def pose_estimation(frame, aruco_dict_type, matrix_coefficients, distortion_coefficients):\n",
    "\n",
    "    gray = cv2.cvtColor(frame, cv2.COLOR_BGR2GRAY)\n",
    "    #aruco_dict = aruco.Dictionary_get(aruco_dict_type)\n",
    "    parameters = cv2.aruco.DetectorParameters_create()\n",
    "    trans_mat = 0\n",
    "    # Für diesen Frame, detektiere alle Marker und speichere ihre Eckpunkte und IDs ab\n",
    "    total_corners, total_ids, rejected_img_points = cv2.aruco.detectMarkers(gray, aruco_dict_type,parameters=parameters)\n",
    "    # Wenn Eckpunkte, also Marker vorhanden sind\n",
    "    if len(total_corners) > 0:\n",
    "        # Berechne rotations und translation vectors für alle Marker\n",
    "        rvec, tvec, markerPoints = cv2.aruco.estimatePoseSingleMarkers(total_corners, 0.17, matrix_coefficients,\n",
    "                                                                       distortion_coefficients)\n",
    "        total_markers = range(0, total_ids.size)\n",
    "        for id, corners, i in zip(total_ids, total_corners, total_markers):\n",
    "            print(f\"rvec: {rvec}, tvec: {tvec}\")\n",
    "            print(corners)\n",
    "            #total_markers = range(0, ids.size)\n",
    "            #cv2.polylines(frame, [corners.astype(np.int32)], True, (0, 255, 255), 4, cv2.LINE_AA)\n",
    "            corners = corners.reshape(4, 2)\n",
    "            #corners = np.asarray(corners)\n",
    "            corners = corners.astype(int)\n",
    "            corners = corners.reshape((4,2))\n",
    "            top_right = corners[0].ravel()\n",
    "            bottom_right = corners[1].ravel()\n",
    "            bottom_left = corners[2].ravel()\n",
    "            top_left = corners[3].ravel()\n",
    "            print(top_right)\n",
    "            distance = np.sqrt(tvec[i][0][2] ** 2 + tvec[i][0][0] ** 2 + tvec[i][0][1] ** 2 )\n",
    "\n",
    "            #cv2.aruco.drawDetectedMarkers(frame, corners)\n",
    "            cv2.drawFrameAxes(frame, matrix_coefficients, distortion_coefficients, rvec[i], tvec[i], 3, 2)\n",
    "            # cv2.putText(frame, f\"id: {id[0]} Distance: {round(distance, 3)}\", top_left, cv2.FONT_HERSHEY_SIMPLEX, 1, (255,0,0), 2, cv2.LINE_AA)\n",
    "\n",
    "\n",
    "        ## CREATE TRANSFORMATION MATRIX FROM ROTATION AND TRANSLATION VECTORS\n",
    "        # convert rvec to rotation matrix\n",
    "            rmat, _ = cv2.Rodrigues(rvec[i])\n",
    "            print(rmat@rmat.T)\n",
    "            print(rmat.T)\n",
    "        # create a 4x4 transformation matrix with translation vector\n",
    "            trans_mat = np.eye(4)\n",
    "            trans_mat[:3, :3] = rmat\n",
    "            trans_mat[:3, 3] = tvec[i].ravel()\n",
    "            print(trans_mat)\n",
    "    return frame, trans_mat\n"
   ],
   "metadata": {
    "collapsed": false,
    "pycharm": {
     "name": "#%%\n"
    }
   }
  },
  {
   "cell_type": "markdown",
   "source": [
    "# LIVE VERSION ZUM ANZEIGEN DES WELTKOODINATENSYSTEMS"
   ],
   "metadata": {
    "collapsed": false,
    "pycharm": {
     "name": "#%% md\n"
    }
   }
  },
  {
   "cell_type": "code",
   "execution_count": 2,
   "outputs": [
    {
     "name": "stdout",
     "output_type": "stream",
     "text": [
      "[Inference] ArUco marker ID: 0\n",
      "rvec: [[[-0.29482017  2.11048372 -0.2397925 ]]], tvec: [[[-1.0350281  -0.43176809  1.96316332]]]\n",
      "[[[ 985.  807.]\n",
      "  [ 824.  730.]\n",
      "  [ 870.  582.]\n",
      "  [1025.  665.]]]\n",
      "[985 807]\n",
      "[[1.00000000e+00 5.88910880e-17 5.00356307e-18]\n",
      " [5.88910880e-17 1.00000000e+00 9.95908862e-17]\n",
      " [5.00356307e-18 9.95908862e-17 1.00000000e+00]]\n",
      "[[-0.51352514 -0.30265735 -0.80292618]\n",
      " [-0.11481162  0.95155148 -0.28525088]\n",
      " [ 0.85035888 -0.05429824 -0.52339419]]\n",
      "[[-0.51352514 -0.11481162  0.85035888 -1.0350281 ]\n",
      " [-0.30265735  0.95155148 -0.05429824 -0.43176809]\n",
      " [-0.80292618 -0.28525088 -0.52339419  1.96316332]\n",
      " [ 0.          0.          0.          1.        ]]\n",
      "[Inference] ArUco marker ID: 0\n",
      "rvec: [[[-0.29648608  2.09415432 -0.21783362]]], tvec: [[[-1.02725392 -0.42859552  1.94898498]]]\n",
      "[[[ 985.  808.]\n",
      "  [ 824.  731.]\n",
      "  [ 871.  581.]\n",
      "  [1025.  664.]]]\n",
      "[985 808]\n",
      "[[ 1.00000000e+00 -1.67908038e-16 -6.75904630e-17]\n",
      " [-1.67908038e-16  1.00000000e+00 -1.71428932e-16]\n",
      " [-6.75904630e-17 -1.71428932e-16  1.00000000e+00]]\n",
      "[[-0.49761132 -0.2968089  -0.81503831]\n",
      " [-0.12270934  0.95427184 -0.27259433]\n",
      " [ 0.85867653 -0.03563322 -0.5112777 ]]\n",
      "[[-0.49761132 -0.12270934  0.85867653 -1.02725392]\n",
      " [-0.2968089   0.95427184 -0.03563322 -0.42859552]\n",
      " [-0.81503831 -0.27259433 -0.5112777   1.94898498]\n",
      " [ 0.          0.          0.          1.        ]]\n",
      "[Inference] ArUco marker ID: 0\n",
      "rvec: [[[-0.29762486  2.10669254 -0.23248217]]], tvec: [[[-1.04493785 -0.43428874  1.98180841]]]\n",
      "[[[ 985.  808.]\n",
      "  [ 824.  731.]\n",
      "  [ 872.  585.]\n",
      "  [1023.  666.]]]\n",
      "[985 808]\n",
      "[[ 1.00000000e+00 -6.27702558e-17  7.31171378e-17]\n",
      " [-6.27702558e-17  1.00000000e+00 -1.33119766e-18]\n",
      " [ 7.31171378e-17 -1.33119766e-18  1.00000000e+00]]\n",
      "[[-0.50942997 -0.30216026 -0.80571725]\n",
      " [-0.11920051  0.95207522 -0.28168069]\n",
      " [ 0.85221614 -0.04745468 -0.52103331]]\n",
      "[[-0.50942997 -0.11920051  0.85221614 -1.04493785]\n",
      " [-0.30216026  0.95207522 -0.04745468 -0.43428874]\n",
      " [-0.80571725 -0.28168069 -0.52103331  1.98180841]\n",
      " [ 0.          0.          0.          1.        ]]\n",
      "[Inference] ArUco marker ID: 0\n",
      "rvec: [[[-0.29762486  2.10669254 -0.23248217]]], tvec: [[[-1.04493785 -0.43428874  1.98180841]]]\n",
      "[[[ 985.  808.]\n",
      "  [ 824.  731.]\n",
      "  [ 872.  585.]\n",
      "  [1023.  666.]]]\n",
      "[985 808]\n",
      "[[ 1.00000000e+00 -6.27702558e-17  7.31171378e-17]\n",
      " [-6.27702558e-17  1.00000000e+00 -1.33119766e-18]\n",
      " [ 7.31171378e-17 -1.33119766e-18  1.00000000e+00]]\n",
      "[[-0.50942997 -0.30216026 -0.80571725]\n",
      " [-0.11920051  0.95207522 -0.28168069]\n",
      " [ 0.85221614 -0.04745468 -0.52103331]]\n",
      "[[-0.50942997 -0.11920051  0.85221614 -1.04493785]\n",
      " [-0.30216026  0.95207522 -0.04745468 -0.43428874]\n",
      " [-0.80571725 -0.28168069 -0.52103331  1.98180841]\n",
      " [ 0.          0.          0.          1.        ]]\n",
      "[Inference] ArUco marker ID: 0\n",
      "rvec: [[[-0.29399619  2.10903274 -0.23876897]]], tvec: [[[-1.04420828 -0.43389103  1.97995094]]]\n",
      "[[[ 985.  808.]\n",
      "  [ 824.  731.]\n",
      "  [ 871.  585.]\n",
      "  [1023.  666.]]]\n",
      "[985 808]\n",
      "[[ 1.00000000e+00 -3.95398033e-17 -9.66725255e-17]\n",
      " [-3.95398033e-17  1.00000000e+00 -4.78566913e-17]\n",
      " [-9.66725255e-17 -4.78566913e-17  1.00000000e+00]]\n",
      "[[-0.51227802 -0.30183586 -0.80403131]\n",
      " [-0.11444746  0.95184765 -0.28440788]\n",
      " [ 0.8511598  -0.05367657 -0.52215497]]\n",
      "[[-0.51227802 -0.11444746  0.8511598  -1.04420828]\n",
      " [-0.30183586  0.95184765 -0.05367657 -0.43389103]\n",
      " [-0.80403131 -0.28440788 -0.52215497  1.97995094]\n",
      " [ 0.          0.          0.          1.        ]]\n",
      "[Inference] ArUco marker ID: 0\n",
      "rvec: [[[-0.29399619  2.10903274 -0.23876897]]], tvec: [[[-1.04420828 -0.43389103  1.97995094]]]\n",
      "[[[ 985.  808.]\n",
      "  [ 824.  731.]\n",
      "  [ 871.  585.]\n",
      "  [1023.  666.]]]\n",
      "[985 808]\n",
      "[[ 1.00000000e+00 -3.95398033e-17 -9.66725255e-17]\n",
      " [-3.95398033e-17  1.00000000e+00 -4.78566913e-17]\n",
      " [-9.66725255e-17 -4.78566913e-17  1.00000000e+00]]\n",
      "[[-0.51227802 -0.30183586 -0.80403131]\n",
      " [-0.11444746  0.95184765 -0.28440788]\n",
      " [ 0.8511598  -0.05367657 -0.52215497]]\n",
      "[[-0.51227802 -0.11444746  0.8511598  -1.04420828]\n",
      " [-0.30183586  0.95184765 -0.05367657 -0.43389103]\n",
      " [-0.80403131 -0.28440788 -0.52215497  1.97995094]\n",
      " [ 0.          0.          0.          1.        ]]\n",
      "[Inference] ArUco marker ID: 0\n",
      "rvec: [[[-0.28595441  2.09212719 -0.25272583]]], tvec: [[[-1.04393894 -0.43437091  1.98088321]]]\n",
      "[[[ 985.  808.]\n",
      "  [ 827.  730.]\n",
      "  [ 871.  585.]\n",
      "  [1023.  666.]]]\n",
      "[985 808]\n",
      "[[ 1.00000000e+00  1.26904438e-16 -4.75790579e-17]\n",
      " [ 1.26904438e-16  1.00000000e+00  1.23482454e-16]\n",
      " [-4.75790579e-17  1.23482454e-16  1.00000000e+00]]\n",
      "[[-0.50004744 -0.30302612 -0.81125072]\n",
      " [-0.10113278  0.95080525 -0.29281655]\n",
      " [ 0.86007251 -0.06437812 -0.5060936 ]]\n",
      "[[-0.50004744 -0.10113278  0.86007251 -1.04393894]\n",
      " [-0.30302612  0.95080525 -0.06437812 -0.43437091]\n",
      " [-0.81125072 -0.29281655 -0.5060936   1.98088321]\n",
      " [ 0.          0.          0.          1.        ]]\n",
      "[Inference] ArUco marker ID: 0\n",
      "rvec: [[[-0.29399619  2.10903274 -0.23876897]]], tvec: [[[-1.04420828 -0.43389103  1.97995094]]]\n",
      "[[[ 985.  808.]\n",
      "  [ 824.  731.]\n",
      "  [ 871.  585.]\n",
      "  [1023.  666.]]]\n",
      "[985 808]\n",
      "[[ 1.00000000e+00 -3.95398033e-17 -9.66725255e-17]\n",
      " [-3.95398033e-17  1.00000000e+00 -4.78566913e-17]\n",
      " [-9.66725255e-17 -4.78566913e-17  1.00000000e+00]]\n",
      "[[-0.51227802 -0.30183586 -0.80403131]\n",
      " [-0.11444746  0.95184765 -0.28440788]\n",
      " [ 0.8511598  -0.05367657 -0.52215497]]\n",
      "[[-0.51227802 -0.11444746  0.8511598  -1.04420828]\n",
      " [-0.30183586  0.95184765 -0.05367657 -0.43389103]\n",
      " [-0.80403131 -0.28440788 -0.52215497  1.97995094]\n",
      " [ 0.          0.          0.          1.        ]]\n",
      "[Inference] ArUco marker ID: 0\n",
      "rvec: [[[-0.29762486  2.10669254 -0.23248217]]], tvec: [[[-1.04493785 -0.43428874  1.98180841]]]\n",
      "[[[ 985.  808.]\n",
      "  [ 824.  731.]\n",
      "  [ 872.  585.]\n",
      "  [1023.  666.]]]\n",
      "[985 808]\n",
      "[[ 1.00000000e+00 -6.27702558e-17  7.31171378e-17]\n",
      " [-6.27702558e-17  1.00000000e+00 -1.33119766e-18]\n",
      " [ 7.31171378e-17 -1.33119766e-18  1.00000000e+00]]\n",
      "[[-0.50942997 -0.30216026 -0.80571725]\n",
      " [-0.11920051  0.95207522 -0.28168069]\n",
      " [ 0.85221614 -0.04745468 -0.52103331]]\n",
      "[[-0.50942997 -0.11920051  0.85221614 -1.04493785]\n",
      " [-0.30216026  0.95207522 -0.04745468 -0.43428874]\n",
      " [-0.80571725 -0.28168069 -0.52103331  1.98180841]\n",
      " [ 0.          0.          0.          1.        ]]\n",
      "[Inference] ArUco marker ID: 0\n",
      "rvec: [[[-0.29399619  2.10903274 -0.23876897]]], tvec: [[[-1.04420828 -0.43389103  1.97995094]]]\n",
      "[[[ 985.  808.]\n",
      "  [ 824.  731.]\n",
      "  [ 871.  585.]\n",
      "  [1023.  666.]]]\n",
      "[985 808]\n",
      "[[ 1.00000000e+00 -3.95398033e-17 -9.66725255e-17]\n",
      " [-3.95398033e-17  1.00000000e+00 -4.78566913e-17]\n",
      " [-9.66725255e-17 -4.78566913e-17  1.00000000e+00]]\n",
      "[[-0.51227802 -0.30183586 -0.80403131]\n",
      " [-0.11444746  0.95184765 -0.28440788]\n",
      " [ 0.8511598  -0.05367657 -0.52215497]]\n",
      "[[-0.51227802 -0.11444746  0.8511598  -1.04420828]\n",
      " [-0.30183586  0.95184765 -0.05367657 -0.43389103]\n",
      " [-0.80403131 -0.28440788 -0.52215497  1.97995094]\n",
      " [ 0.          0.          0.          1.        ]]\n",
      "[Inference] ArUco marker ID: 0\n",
      "rvec: [[[-0.29399619  2.10903274 -0.23876897]]], tvec: [[[-1.04420828 -0.43389103  1.97995094]]]\n",
      "[[[ 985.  808.]\n",
      "  [ 824.  731.]\n",
      "  [ 871.  585.]\n",
      "  [1023.  666.]]]\n",
      "[985 808]\n",
      "[[ 1.00000000e+00 -3.95398033e-17 -9.66725255e-17]\n",
      " [-3.95398033e-17  1.00000000e+00 -4.78566913e-17]\n",
      " [-9.66725255e-17 -4.78566913e-17  1.00000000e+00]]\n",
      "[[-0.51227802 -0.30183586 -0.80403131]\n",
      " [-0.11444746  0.95184765 -0.28440788]\n",
      " [ 0.8511598  -0.05367657 -0.52215497]]\n",
      "[[-0.51227802 -0.11444746  0.8511598  -1.04420828]\n",
      " [-0.30183586  0.95184765 -0.05367657 -0.43389103]\n",
      " [-0.80403131 -0.28440788 -0.52215497  1.97995094]\n",
      " [ 0.          0.          0.          1.        ]]\n",
      "[Inference] ArUco marker ID: 0\n",
      "rvec: [[[-0.28595441  2.09212719 -0.25272583]]], tvec: [[[-1.04393894 -0.43437091  1.98088321]]]\n",
      "[[[ 985.  808.]\n",
      "  [ 827.  730.]\n",
      "  [ 871.  585.]\n",
      "  [1023.  666.]]]\n",
      "[985 808]\n",
      "[[ 1.00000000e+00  1.26904438e-16 -4.75790579e-17]\n",
      " [ 1.26904438e-16  1.00000000e+00  1.23482454e-16]\n",
      " [-4.75790579e-17  1.23482454e-16  1.00000000e+00]]\n",
      "[[-0.50004744 -0.30302612 -0.81125072]\n",
      " [-0.10113278  0.95080525 -0.29281655]\n",
      " [ 0.86007251 -0.06437812 -0.5060936 ]]\n",
      "[[-0.50004744 -0.10113278  0.86007251 -1.04393894]\n",
      " [-0.30302612  0.95080525 -0.06437812 -0.43437091]\n",
      " [-0.81125072 -0.29281655 -0.5060936   1.98088321]\n",
      " [ 0.          0.          0.          1.        ]]\n",
      "[Inference] ArUco marker ID: 0\n",
      "rvec: [[[-0.28595441  2.09212719 -0.25272583]]], tvec: [[[-1.04393894 -0.43437091  1.98088321]]]\n",
      "[[[ 985.  808.]\n",
      "  [ 827.  730.]\n",
      "  [ 871.  585.]\n",
      "  [1023.  666.]]]\n",
      "[985 808]\n",
      "[[ 1.00000000e+00  1.26904438e-16 -4.75790579e-17]\n",
      " [ 1.26904438e-16  1.00000000e+00  1.23482454e-16]\n",
      " [-4.75790579e-17  1.23482454e-16  1.00000000e+00]]\n",
      "[[-0.50004744 -0.30302612 -0.81125072]\n",
      " [-0.10113278  0.95080525 -0.29281655]\n",
      " [ 0.86007251 -0.06437812 -0.5060936 ]]\n",
      "[[-0.50004744 -0.10113278  0.86007251 -1.04393894]\n",
      " [-0.30302612  0.95080525 -0.06437812 -0.43437091]\n",
      " [-0.81125072 -0.29281655 -0.5060936   1.98088321]\n",
      " [ 0.          0.          0.          1.        ]]\n",
      "[Inference] ArUco marker ID: 0\n",
      "rvec: [[[-0.28595441  2.09212719 -0.25272583]]], tvec: [[[-1.04393894 -0.43437091  1.98088321]]]\n",
      "[[[ 985.  808.]\n",
      "  [ 827.  730.]\n",
      "  [ 871.  585.]\n",
      "  [1023.  666.]]]\n",
      "[985 808]\n",
      "[[ 1.00000000e+00  1.26904438e-16 -4.75790579e-17]\n",
      " [ 1.26904438e-16  1.00000000e+00  1.23482454e-16]\n",
      " [-4.75790579e-17  1.23482454e-16  1.00000000e+00]]\n",
      "[[-0.50004744 -0.30302612 -0.81125072]\n",
      " [-0.10113278  0.95080525 -0.29281655]\n",
      " [ 0.86007251 -0.06437812 -0.5060936 ]]\n",
      "[[-0.50004744 -0.10113278  0.86007251 -1.04393894]\n",
      " [-0.30302612  0.95080525 -0.06437812 -0.43437091]\n",
      " [-0.81125072 -0.29281655 -0.5060936   1.98088321]\n",
      " [ 0.          0.          0.          1.        ]]\n",
      "[Inference] ArUco marker ID: 0\n",
      "rvec: [[[-0.28595441  2.09212719 -0.25272583]]], tvec: [[[-1.04393894 -0.43437091  1.98088321]]]\n",
      "[[[ 985.  808.]\n",
      "  [ 827.  730.]\n",
      "  [ 871.  585.]\n",
      "  [1023.  666.]]]\n",
      "[985 808]\n",
      "[[ 1.00000000e+00  1.26904438e-16 -4.75790579e-17]\n",
      " [ 1.26904438e-16  1.00000000e+00  1.23482454e-16]\n",
      " [-4.75790579e-17  1.23482454e-16  1.00000000e+00]]\n",
      "[[-0.50004744 -0.30302612 -0.81125072]\n",
      " [-0.10113278  0.95080525 -0.29281655]\n",
      " [ 0.86007251 -0.06437812 -0.5060936 ]]\n",
      "[[-0.50004744 -0.10113278  0.86007251 -1.04393894]\n",
      " [-0.30302612  0.95080525 -0.06437812 -0.43437091]\n",
      " [-0.81125072 -0.29281655 -0.5060936   1.98088321]\n",
      " [ 0.          0.          0.          1.        ]]\n",
      "[Inference] ArUco marker ID: 0\n",
      "rvec: [[[-0.28954986  2.08992288 -0.2466793 ]]], tvec: [[[-1.04469346 -0.43478037  1.98278923]]]\n",
      "[[[ 985.  808.]\n",
      "  [ 827.  730.]\n",
      "  [ 872.  585.]\n",
      "  [1023.  666.]]]\n",
      "[985 808]\n",
      "[[ 1.00000000e+00  1.40836127e-16 -8.72426235e-19]\n",
      " [ 1.40836127e-16  1.00000000e+00  8.04496245e-17]\n",
      " [-8.72426235e-19  8.04496245e-17  1.00000000e+00]]\n",
      "[[-0.4972889  -0.30338139 -0.81281208]\n",
      " [-0.10580388  0.95108137 -0.2902581 ]\n",
      " [ 0.86110934 -0.05834346 -0.50506114]]\n",
      "[[-0.4972889  -0.10580388  0.86110934 -1.04469346]\n",
      " [-0.30338139  0.95108137 -0.05834346 -0.43478037]\n",
      " [-0.81281208 -0.2902581  -0.50506114  1.98278923]\n",
      " [ 0.          0.          0.          1.        ]]\n",
      "[Inference] ArUco marker ID: 0\n",
      "rvec: [[[-0.29267346  2.09658265 -0.25450466]]], tvec: [[[-1.04524294 -0.43517793  1.98335098]]]\n",
      "[[[ 985.  808.]\n",
      "  [ 826.  729.]\n",
      "  [ 872.  585.]\n",
      "  [1023.  666.]]]\n",
      "[985 808]\n",
      "[[ 1.00000000e+00 -7.70083485e-17  4.25373906e-17]\n",
      " [-7.70083485e-17  1.00000000e+00 -1.54212381e-16]\n",
      " [ 4.25373906e-17 -1.54212381e-16  1.00000000e+00]]\n",
      "[[-0.50346527 -0.30787545 -0.80730133]\n",
      " [-0.10578295  0.94929485 -0.29605617]\n",
      " [ 0.85751542 -0.06365528 -0.51050496]]\n",
      "[[-0.50346527 -0.10578295  0.85751542 -1.04524294]\n",
      " [-0.30787545  0.94929485 -0.06365528 -0.43517793]\n",
      " [-0.80730133 -0.29605617 -0.51050496  1.98335098]\n",
      " [ 0.          0.          0.          1.        ]]\n",
      "[Inference] ArUco marker ID: 0\n",
      "rvec: [[[-0.28595441  2.09212719 -0.25272583]]], tvec: [[[-1.04393894 -0.43437091  1.98088321]]]\n",
      "[[[ 985.  808.]\n",
      "  [ 827.  730.]\n",
      "  [ 871.  585.]\n",
      "  [1023.  666.]]]\n",
      "[985 808]\n",
      "[[ 1.00000000e+00  1.26904438e-16 -4.75790579e-17]\n",
      " [ 1.26904438e-16  1.00000000e+00  1.23482454e-16]\n",
      " [-4.75790579e-17  1.23482454e-16  1.00000000e+00]]\n",
      "[[-0.50004744 -0.30302612 -0.81125072]\n",
      " [-0.10113278  0.95080525 -0.29281655]\n",
      " [ 0.86007251 -0.06437812 -0.5060936 ]]\n",
      "[[-0.50004744 -0.10113278  0.86007251 -1.04393894]\n",
      " [-0.30302612  0.95080525 -0.06437812 -0.43437091]\n",
      " [-0.81125072 -0.29281655 -0.5060936   1.98088321]\n",
      " [ 0.          0.          0.          1.        ]]\n",
      "[Inference] ArUco marker ID: 0\n",
      "rvec: [[[-0.28595441  2.09212719 -0.25272583]]], tvec: [[[-1.04393894 -0.43437091  1.98088321]]]\n",
      "[[[ 985.  808.]\n",
      "  [ 827.  730.]\n",
      "  [ 871.  585.]\n",
      "  [1023.  666.]]]\n",
      "[985 808]\n",
      "[[ 1.00000000e+00  1.26904438e-16 -4.75790579e-17]\n",
      " [ 1.26904438e-16  1.00000000e+00  1.23482454e-16]\n",
      " [-4.75790579e-17  1.23482454e-16  1.00000000e+00]]\n",
      "[[-0.50004744 -0.30302612 -0.81125072]\n",
      " [-0.10113278  0.95080525 -0.29281655]\n",
      " [ 0.86007251 -0.06437812 -0.5060936 ]]\n",
      "[[-0.50004744 -0.10113278  0.86007251 -1.04393894]\n",
      " [-0.30302612  0.95080525 -0.06437812 -0.43437091]\n",
      " [-0.81125072 -0.29281655 -0.5060936   1.98088321]\n",
      " [ 0.          0.          0.          1.        ]]\n",
      "[Inference] ArUco marker ID: 0\n",
      "rvec: [[[-0.28954986  2.08992288 -0.2466793 ]]], tvec: [[[-1.04469346 -0.43478037  1.98278923]]]\n",
      "[[[ 985.  808.]\n",
      "  [ 827.  730.]\n",
      "  [ 872.  585.]\n",
      "  [1023.  666.]]]\n",
      "[985 808]\n",
      "[[ 1.00000000e+00  1.40836127e-16 -8.72426235e-19]\n",
      " [ 1.40836127e-16  1.00000000e+00  8.04496245e-17]\n",
      " [-8.72426235e-19  8.04496245e-17  1.00000000e+00]]\n",
      "[[-0.4972889  -0.30338139 -0.81281208]\n",
      " [-0.10580388  0.95108137 -0.2902581 ]\n",
      " [ 0.86110934 -0.05834346 -0.50506114]]\n",
      "[[-0.4972889  -0.10580388  0.86110934 -1.04469346]\n",
      " [-0.30338139  0.95108137 -0.05834346 -0.43478037]\n",
      " [-0.81281208 -0.2902581  -0.50506114  1.98278923]\n",
      " [ 0.          0.          0.          1.        ]]\n",
      "[Inference] ArUco marker ID: 0\n",
      "rvec: [[[-0.28954986  2.08992288 -0.2466793 ]]], tvec: [[[-1.04469346 -0.43478037  1.98278923]]]\n",
      "[[[ 985.  808.]\n",
      "  [ 827.  730.]\n",
      "  [ 872.  585.]\n",
      "  [1023.  666.]]]\n",
      "[985 808]\n",
      "[[ 1.00000000e+00  1.40836127e-16 -8.72426235e-19]\n",
      " [ 1.40836127e-16  1.00000000e+00  8.04496245e-17]\n",
      " [-8.72426235e-19  8.04496245e-17  1.00000000e+00]]\n",
      "[[-0.4972889  -0.30338139 -0.81281208]\n",
      " [-0.10580388  0.95108137 -0.2902581 ]\n",
      " [ 0.86110934 -0.05834346 -0.50506114]]\n",
      "[[-0.4972889  -0.10580388  0.86110934 -1.04469346]\n",
      " [-0.30338139  0.95108137 -0.05834346 -0.43478037]\n",
      " [-0.81281208 -0.2902581  -0.50506114  1.98278923]\n",
      " [ 0.          0.          0.          1.        ]]\n",
      "[Inference] ArUco marker ID: 0\n",
      "rvec: [[[-0.28954986  2.08992288 -0.2466793 ]]], tvec: [[[-1.04469346 -0.43478037  1.98278923]]]\n",
      "[[[ 985.  808.]\n",
      "  [ 827.  730.]\n",
      "  [ 872.  585.]\n",
      "  [1023.  666.]]]\n",
      "[985 808]\n",
      "[[ 1.00000000e+00  1.40836127e-16 -8.72426235e-19]\n",
      " [ 1.40836127e-16  1.00000000e+00  8.04496245e-17]\n",
      " [-8.72426235e-19  8.04496245e-17  1.00000000e+00]]\n",
      "[[-0.4972889  -0.30338139 -0.81281208]\n",
      " [-0.10580388  0.95108137 -0.2902581 ]\n",
      " [ 0.86110934 -0.05834346 -0.50506114]]\n",
      "[[-0.4972889  -0.10580388  0.86110934 -1.04469346]\n",
      " [-0.30338139  0.95108137 -0.05834346 -0.43478037]\n",
      " [-0.81281208 -0.2902581  -0.50506114  1.98278923]\n",
      " [ 0.          0.          0.          1.        ]]\n",
      "[Inference] ArUco marker ID: 0\n",
      "rvec: [[[-0.29267346  2.09658265 -0.25450466]]], tvec: [[[-1.04524294 -0.43517793  1.98335098]]]\n",
      "[[[ 985.  808.]\n",
      "  [ 826.  729.]\n",
      "  [ 872.  585.]\n",
      "  [1023.  666.]]]\n",
      "[985 808]\n",
      "[[ 1.00000000e+00 -7.70083485e-17  4.25373906e-17]\n",
      " [-7.70083485e-17  1.00000000e+00 -1.54212381e-16]\n",
      " [ 4.25373906e-17 -1.54212381e-16  1.00000000e+00]]\n",
      "[[-0.50346527 -0.30787545 -0.80730133]\n",
      " [-0.10578295  0.94929485 -0.29605617]\n",
      " [ 0.85751542 -0.06365528 -0.51050496]]\n",
      "[[-0.50346527 -0.10578295  0.85751542 -1.04524294]\n",
      " [-0.30787545  0.94929485 -0.06365528 -0.43517793]\n",
      " [-0.80730133 -0.29605617 -0.51050496  1.98335098]\n",
      " [ 0.          0.          0.          1.        ]]\n",
      "[Inference] ArUco marker ID: 0\n",
      "rvec: [[[-0.28954986  2.08992288 -0.2466793 ]]], tvec: [[[-1.04469346 -0.43478037  1.98278923]]]\n",
      "[[[ 985.  808.]\n",
      "  [ 827.  730.]\n",
      "  [ 872.  585.]\n",
      "  [1023.  666.]]]\n",
      "[985 808]\n",
      "[[ 1.00000000e+00  1.40836127e-16 -8.72426235e-19]\n",
      " [ 1.40836127e-16  1.00000000e+00  8.04496245e-17]\n",
      " [-8.72426235e-19  8.04496245e-17  1.00000000e+00]]\n",
      "[[-0.4972889  -0.30338139 -0.81281208]\n",
      " [-0.10580388  0.95108137 -0.2902581 ]\n",
      " [ 0.86110934 -0.05834346 -0.50506114]]\n",
      "[[-0.4972889  -0.10580388  0.86110934 -1.04469346]\n",
      " [-0.30338139  0.95108137 -0.05834346 -0.43478037]\n",
      " [-0.81281208 -0.2902581  -0.50506114  1.98278923]\n",
      " [ 0.          0.          0.          1.        ]]\n",
      "[Inference] ArUco marker ID: 0\n",
      "rvec: [[[-0.28954986  2.08992288 -0.2466793 ]]], tvec: [[[-1.04469346 -0.43478037  1.98278923]]]\n",
      "[[[ 985.  808.]\n",
      "  [ 827.  730.]\n",
      "  [ 872.  585.]\n",
      "  [1023.  666.]]]\n",
      "[985 808]\n",
      "[[ 1.00000000e+00  1.40836127e-16 -8.72426235e-19]\n",
      " [ 1.40836127e-16  1.00000000e+00  8.04496245e-17]\n",
      " [-8.72426235e-19  8.04496245e-17  1.00000000e+00]]\n",
      "[[-0.4972889  -0.30338139 -0.81281208]\n",
      " [-0.10580388  0.95108137 -0.2902581 ]\n",
      " [ 0.86110934 -0.05834346 -0.50506114]]\n",
      "[[-0.4972889  -0.10580388  0.86110934 -1.04469346]\n",
      " [-0.30338139  0.95108137 -0.05834346 -0.43478037]\n",
      " [-0.81281208 -0.2902581  -0.50506114  1.98278923]\n",
      " [ 0.          0.          0.          1.        ]]\n",
      "[Inference] ArUco marker ID: 0\n",
      "rvec: [[[-0.28954986  2.08992288 -0.2466793 ]]], tvec: [[[-1.04469346 -0.43478037  1.98278923]]]\n",
      "[[[ 985.  808.]\n",
      "  [ 827.  730.]\n",
      "  [ 872.  585.]\n",
      "  [1023.  666.]]]\n",
      "[985 808]\n",
      "[[ 1.00000000e+00  1.40836127e-16 -8.72426235e-19]\n",
      " [ 1.40836127e-16  1.00000000e+00  8.04496245e-17]\n",
      " [-8.72426235e-19  8.04496245e-17  1.00000000e+00]]\n",
      "[[-0.4972889  -0.30338139 -0.81281208]\n",
      " [-0.10580388  0.95108137 -0.2902581 ]\n",
      " [ 0.86110934 -0.05834346 -0.50506114]]\n",
      "[[-0.4972889  -0.10580388  0.86110934 -1.04469346]\n",
      " [-0.30338139  0.95108137 -0.05834346 -0.43478037]\n",
      " [-0.81281208 -0.2902581  -0.50506114  1.98278923]\n",
      " [ 0.          0.          0.          1.        ]]\n",
      "[Inference] ArUco marker ID: 0\n",
      "rvec: [[[-0.28954986  2.08992288 -0.2466793 ]]], tvec: [[[-1.04469346 -0.43478037  1.98278923]]]\n",
      "[[[ 985.  808.]\n",
      "  [ 827.  730.]\n",
      "  [ 872.  585.]\n",
      "  [1023.  666.]]]\n",
      "[985 808]\n",
      "[[ 1.00000000e+00  1.40836127e-16 -8.72426235e-19]\n",
      " [ 1.40836127e-16  1.00000000e+00  8.04496245e-17]\n",
      " [-8.72426235e-19  8.04496245e-17  1.00000000e+00]]\n",
      "[[-0.4972889  -0.30338139 -0.81281208]\n",
      " [-0.10580388  0.95108137 -0.2902581 ]\n",
      " [ 0.86110934 -0.05834346 -0.50506114]]\n",
      "[[-0.4972889  -0.10580388  0.86110934 -1.04469346]\n",
      " [-0.30338139  0.95108137 -0.05834346 -0.43478037]\n",
      " [-0.81281208 -0.2902581  -0.50506114  1.98278923]\n",
      " [ 0.          0.          0.          1.        ]]\n",
      "[Inference] ArUco marker ID: 0\n",
      "rvec: [[[-0.28895843  2.08322785 -0.24691588]]], tvec: [[[-1.0404595  -0.43327899  1.97480436]]]\n",
      "[[[ 985.  808.]\n",
      "  [ 827.  730.]\n",
      "  [ 872.  584.]\n",
      "  [1023.  666.]]]\n",
      "[985 808]\n",
      "[[ 1.00000000e+00 -5.25223451e-17 -3.02810779e-17]\n",
      " [-5.25223451e-17  1.00000000e+00 -1.10220408e-16]\n",
      " [-3.02810779e-17 -1.10220408e-16  1.00000000e+00]]\n",
      "[[-0.49167265 -0.30363743 -0.81612641]\n",
      " [-0.10444083  0.95103314 -0.29090905]\n",
      " [ 0.86449414 -0.05779511 -0.49930914]]\n",
      "[[-0.49167265 -0.10444083  0.86449414 -1.0404595 ]\n",
      " [-0.30363743  0.95103314 -0.05779511 -0.43327899]\n",
      " [-0.81612641 -0.29090905 -0.49930914  1.97480436]\n",
      " [ 0.          0.          0.          1.        ]]\n",
      "[Inference] ArUco marker ID: 0\n",
      "rvec: [[[-0.29399619  2.10903274 -0.23876897]]], tvec: [[[-1.04420828 -0.43389103  1.97995094]]]\n",
      "[[[ 985.  808.]\n",
      "  [ 824.  731.]\n",
      "  [ 871.  585.]\n",
      "  [1023.  666.]]]\n",
      "[985 808]\n",
      "[[ 1.00000000e+00 -3.95398033e-17 -9.66725255e-17]\n",
      " [-3.95398033e-17  1.00000000e+00 -4.78566913e-17]\n",
      " [-9.66725255e-17 -4.78566913e-17  1.00000000e+00]]\n",
      "[[-0.51227802 -0.30183586 -0.80403131]\n",
      " [-0.11444746  0.95184765 -0.28440788]\n",
      " [ 0.8511598  -0.05367657 -0.52215497]]\n",
      "[[-0.51227802 -0.11444746  0.8511598  -1.04420828]\n",
      " [-0.30183586  0.95184765 -0.05367657 -0.43389103]\n",
      " [-0.80403131 -0.28440788 -0.52215497  1.97995094]\n",
      " [ 0.          0.          0.          1.        ]]\n",
      "[Inference] ArUco marker ID: 0\n",
      "rvec: [[[-0.30627285  2.12653944 -0.21592789]]], tvec: [[[-1.04465315 -0.43476009  1.9827313 ]]]\n",
      "[[[ 985.  808.]\n",
      "  [ 824.  731.]\n",
      "  [ 872.  585.]\n",
      "  [1026.  665.]]]\n",
      "[985 808]\n",
      "[[ 1.00000000e+00  6.80166587e-17 -1.35079892e-17]\n",
      " [ 6.80166587e-17  1.00000000e+00  7.02991514e-17]\n",
      " [-1.35079892e-17  7.02991514e-17  1.00000000e+00]]\n",
      "[[-0.52383493 -0.30040515 -0.79709078]\n",
      " [-0.13405326  0.95316293 -0.27112755]\n",
      " [ 0.8412055  -0.03517347 -0.53957033]]\n",
      "[[-0.52383493 -0.13405326  0.8412055  -1.04465315]\n",
      " [-0.30040515  0.95316293 -0.03517347 -0.43476009]\n",
      " [-0.79709078 -0.27112755 -0.53957033  1.9827313 ]\n",
      " [ 0.          0.          0.          1.        ]]\n",
      "[Inference] ArUco marker ID: 0\n",
      "rvec: [[[-0.29648608  2.09415432 -0.21783362]]], tvec: [[[-1.02725392 -0.42859552  1.94898498]]]\n",
      "[[[ 985.  808.]\n",
      "  [ 824.  731.]\n",
      "  [ 871.  581.]\n",
      "  [1025.  664.]]]\n",
      "[985 808]\n",
      "[[ 1.00000000e+00 -1.67908038e-16 -6.75904630e-17]\n",
      " [-1.67908038e-16  1.00000000e+00 -1.71428932e-16]\n",
      " [-6.75904630e-17 -1.71428932e-16  1.00000000e+00]]\n",
      "[[-0.49761132 -0.2968089  -0.81503831]\n",
      " [-0.12270934  0.95427184 -0.27259433]\n",
      " [ 0.85867653 -0.03563322 -0.5112777 ]]\n",
      "[[-0.49761132 -0.12270934  0.85867653 -1.02725392]\n",
      " [-0.2968089   0.95427184 -0.03563322 -0.42859552]\n",
      " [-0.81503831 -0.27259433 -0.5112777   1.94898498]\n",
      " [ 0.          0.          0.          1.        ]]\n",
      "[Inference] ArUco marker ID: 0\n",
      "rvec: [[[-0.29648608  2.09415432 -0.21783362]]], tvec: [[[-1.02725392 -0.42859552  1.94898498]]]\n",
      "[[[ 985.  808.]\n",
      "  [ 824.  731.]\n",
      "  [ 871.  581.]\n",
      "  [1025.  664.]]]\n",
      "[985 808]\n",
      "[[ 1.00000000e+00 -1.67908038e-16 -6.75904630e-17]\n",
      " [-1.67908038e-16  1.00000000e+00 -1.71428932e-16]\n",
      " [-6.75904630e-17 -1.71428932e-16  1.00000000e+00]]\n",
      "[[-0.49761132 -0.2968089  -0.81503831]\n",
      " [-0.12270934  0.95427184 -0.27259433]\n",
      " [ 0.85867653 -0.03563322 -0.5112777 ]]\n",
      "[[-0.49761132 -0.12270934  0.85867653 -1.02725392]\n",
      " [-0.2968089   0.95427184 -0.03563322 -0.42859552]\n",
      " [-0.81503831 -0.27259433 -0.5112777   1.94898498]\n",
      " [ 0.          0.          0.          1.        ]]\n",
      "[Inference] ArUco marker ID: 0\n",
      "rvec: [[[-0.29648608  2.09415432 -0.21783362]]], tvec: [[[-1.02725392 -0.42859552  1.94898498]]]\n",
      "[[[ 985.  808.]\n",
      "  [ 824.  731.]\n",
      "  [ 871.  581.]\n",
      "  [1025.  664.]]]\n",
      "[985 808]\n",
      "[[ 1.00000000e+00 -1.67908038e-16 -6.75904630e-17]\n",
      " [-1.67908038e-16  1.00000000e+00 -1.71428932e-16]\n",
      " [-6.75904630e-17 -1.71428932e-16  1.00000000e+00]]\n",
      "[[-0.49761132 -0.2968089  -0.81503831]\n",
      " [-0.12270934  0.95427184 -0.27259433]\n",
