[[-0.50936636 -0.12865484  0.85087828 -0.41555025]
 [-0.31014448  0.94975867 -0.04205785 -0.08528843]
 [-0.80271808 -0.28531806 -0.52367671  2.46430214]
 [ 0.          0.          0.          1.        ]][[-0.49497882 -0.13394136  0.85851947 -0.41532661]
 [-0.30548129  0.95179709 -0.02763102 -0.08548254]
 [-0.8134354  -0.2759384  -0.51203598  2.46095597]
 [ 0.          0.          0.          1.        ]][[-0.50779411 -0.12934393  0.85171315 -0.41477107]
 [-0.30547041  0.95145769 -0.03763097 -0.0854566 ]
 [-0.80550169 -0.27928196 -0.52265535  2.45971823]
 [ 0.          0.          0.          1.        ]][[-0.50779411 -0.12934393  0.85171315 -0.41477107]
 [-0.30547041  0.95145769 -0.03763097 -0.0854566 ]
 [-0.80550169 -0.27928196 -0.52265535  2.45971823]
 [ 0.          0.          0.          1.        ]][[-0.50536761 -0.12710426  0.8534917  -0.41645043]
 [-0.29880666  0.95367512 -0.0349049  -0.08572548]
 [-0.80951724 -0.27266881 -0.51993611  2.46761751]
 [ 0.          0.          0.          1.        ]][[-0.50779411 -0.12934393  0.85171315 -0.41477107]
 [-0.30547041  0.95145769 -0.03763097 -0.0854566 ]
 [-0.80550169 -0.27928196 -0.52265535  2.45971823]
 [ 0.          0.          0.          1.        ]][[-0.49081596 -0.13188707  0.86122326 -1.03314696]
 [-0.2996192   0.95373909 -0.02469978 -0.43197525]
 [-0.81812471 -0.27016206 -0.50762626  1.96201195]
 [ 0.          0.          0.          1.        ]][[-0.49197332 -0.13056284  0.86076454 -1.032038  ]
 [-0.29561575  0.95500281 -0.0241032  -0.43114497]
 [-0.81888557 -0.26631369 -0.50843234  1.95943716]
 [ 0.          0.          0.          1.        ]][[-0.4956757  -0.13401808  0.85810533 -1.03711762]
 [-0.29879797  0.95402456 -0.02359892 -0.43389572]
 [-0.81549088 -0.26809754 -0.51293112  1.96951234]
 [ 0.          0.          0.          1.        ]][[-0.4956757  -0.13401808  0.85810533 -1.03711762]
 [-0.29879797  0.95402456 -0.02359892 -0.43389572]
 [-0.81549088 -0.26809754 -0.51293112  1.96951234]
 [ 0.          0.          0.          1.        ]][[-0.4956757  -0.13401808  0.85810533 -1.03711762]
 [-0.29879797  0.95402456 -0.02359892 -0.43389572]
 [-0.81549088 -0.26809754 -0.51293112  1.96951234]
 [ 0.          0.          0.          1.        ]][[-0.49872562 -0.12935929  0.85705247 -1.03656672]
 [-0.29858228  0.95391956 -0.02976746 -0.43357052]
 [-0.81370841 -0.27074647 -0.51436851  1.96799368]
 [ 0.          0.          0.          1.        ]][[-0.50449976 -0.13093458  0.85342611 -1.04082724]
 [-0.29838792  0.95397213 -0.03003036 -0.43509081]
 [-0.81021272 -0.26980235 -0.520348    1.97602899]
 [ 0.          0.          0.          1.        ]][[-0.49954994 -0.12884005  0.85665051 -1.03684392]
 [-0.29919739  0.95368621 -0.03104074 -0.43316544]
 [-0.81297649 -0.271814   -0.5149625   1.96850721]
 [ 0.          0.          0.          1.        ]][[-0.50449976 -0.13093458  0.85342611 -1.04082724]
 [-0.29838792  0.95397213 -0.03003036 -0.43509081]
 [-0.81021272 -0.26980235 -0.520348    1.97602899]
 [ 0.          0.          0.          1.        ]][[-0.50449976 -0.13093458  0.85342611 -1.04082724]
 [-0.29838792  0.95397213 -0.03003036 -0.43509081]
 [-0.81021272 -0.26980235 -0.520348    1.97602899]
 [ 0.          0.          0.          1.        ]][[-0.4956757  -0.13401808  0.85810533 -1.03711762]
 [-0.29879797  0.95402456 -0.02359892 -0.43389572]
 [-0.81549088 -0.26809754 -0.51293112  1.96951234]
 [ 0.          0.          0.          1.        ]][[-0.49872562 -0.12935929  0.85705247 -1.03656672]
 [-0.29858228  0.95391956 -0.02976746 -0.43357052]
 [-0.81370841 -0.27074647 -0.51436851  1.96799368]
 [ 0.          0.          0.          1.        ]][[-0.49872562 -0.12935929  0.85705247 -1.03656672]
 [-0.29858228  0.95391956 -0.02976746 -0.43357052]
 [-0.81370841 -0.27074647 -0.51436851  1.96799368]
 [ 0.          0.          0.          1.        ]][[-0.4956757  -0.13401808  0.85810533 -1.03711762]
 [-0.29879797  0.95402456 -0.02359892 -0.43389572]
 [-0.81549088 -0.26809754 -0.51293112  1.96951234]
 [ 0.          0.          0.          1.        ]][[-0.49081596 -0.13188707  0.86122326 -1.03314696]
 [-0.2996192   0.95373909 -0.02469978 -0.43197525]
 [-0.81812471 -0.27016206 -0.50762626  1.96201195]
 [ 0.          0.          0.          1.        ]][[-0.4956757  -0.13401808  0.85810533 -1.03711762]
 [-0.29879797  0.95402456 -0.02359892 -0.43389572]
 [-0.81549088 -0.26809754 -0.51293112  1.96951234]
 [ 0.          0.          0.          1.        ]][[-0.50228389 -0.12417063  0.85574094 -1.03445858]
 [-0.29904756  0.95351398 -0.03717052 -0.43303042]
 [-0.81134546 -0.2745774  -0.51606763  1.96545222]
 [ 0.          0.          0.          1.        ]][[-0.50228389 -0.12417063  0.85574094 -1.03445858]
 [-0.29904756  0.95351398 -0.03717052 -0.43303042]
 [-0.81134546 -0.2745774  -0.51606763  1.96545222]
 [ 0.          0.          0.          1.        ]][[-0.51016018 -0.12144985  0.85146141 -1.03775262]
 [-0.29797513  0.95362653 -0.04251191 -0.43457545]
 [-0.80681312 -0.27540221 -0.52269131  1.97119717]
 [ 0.          0.          0.          1.        ]][[-0.51016018 -0.12144985  0.85146141 -1.03775262]
 [-0.29797513  0.95362653 -0.04251191 -0.43457545]
 [-0.80681312 -0.27540221 -0.52269131  1.97119717]
 [ 0.          0.          0.          1.        ]][[-0.50693877 -0.12646175  0.85265497 -1.0391727 ]
 [-0.29788748  0.95393608 -0.03562319 -0.43504564]
 [-0.80887337 -0.27205401 -0.52125856  1.97339732]
 [ 0.          0.          0.          1.        ]][[-0.49385087 -0.127278    0.86018116 -1.03261088]
 [-0.29940193  0.9536302  -0.03078858 -0.43165664]
 [-0.81637602 -0.27274487 -0.50905838  1.96052328]
 [ 0.          0.          0.          1.        ]][[-0.49197332 -0.13056284  0.86076454 -1.032038  ]
 [-0.29561575  0.95500281 -0.0241032  -0.43114497]
 [-0.81888557 -0.26631369 -0.50843234  1.95943716]
 [ 0.          0.          0.          1.        ]][[-0.48573545 -0.12999953  0.86438486 -1.02994627]
 [-0.30010318  0.95357309 -0.025228   -0.43016178]
 [-0.82097451 -0.27165878 -0.50219753  1.95501181]
 [ 0.          0.          0.          1.        ]][[-0.49081596 -0.13188707  0.86122326 -1.03314696]
 [-0.2996192   0.95373909 -0.02469978 -0.43197525]
 [-0.81812471 -0.27016206 -0.50762626  1.96201195]
 [ 0.          0.          0.          1.        ]][[-0.49197332 -0.13056284  0.86076454 -1.032038  ]
 [-0.29561575  0.95500281 -0.0241032  -0.43114497]
 [-0.81888557 -0.26631369 -0.50843234  1.95943716]
 [ 0.          0.          0.          1.        ]][[-0.4956757  -0.13401808  0.85810533 -1.03711762]
 [-0.29879797  0.95402456 -0.02359892 -0.43389572]
 [-0.81549088 -0.26809754 -0.51293112  1.96951234]
 [ 0.          0.          0.          1.        ]][[-0.4956757  -0.13401808  0.85810533 -1.03711762]
 [-0.29879797  0.95402456 -0.02359892 -0.43389572]
 [-0.81549088 -0.26809754 -0.51293112  1.96951234]
 [ 0.          0.          0.          1.        ]][[-0.4956757  -0.13401808  0.85810533 -1.03711762]
 [-0.29879797  0.95402456 -0.02359892 -0.43389572]
 [-0.81549088 -0.26809754 -0.51293112  1.96951234]
 [ 0.          0.          0.          1.        ]][[-0.49872562 -0.12935929  0.85705247 -1.03656672]
 [-0.29858228  0.95391956 -0.02976746 -0.43357052]
 [-0.81370841 -0.27074647 -0.51436851  1.96799368]
 [ 0.          0.          0.          1.        ]][[-0.50449976 -0.13093458  0.85342611 -1.04082724]
 [-0.29838792  0.95397213 -0.03003036 -0.43509081]
 [-0.81021272 -0.26980235 -0.520348    1.97602899]
 [ 0.          0.          0.          1.        ]][[-0.49954994 -0.12884005  0.85665051 -1.03684392]
 [-0.29919739  0.95368621 -0.03104074 -0.43316544]
 [-0.81297649 -0.271814   -0.5149625   1.96850721]
 [ 0.          0.          0.          1.        ]][[-0.50449976 -0.13093458  0.85342611 -1.04082724]
 [-0.29838792  0.95397213 -0.03003036 -0.43509081]
 [-0.81021272 -0.26980235 -0.520348    1.97602899]
 [ 0.          0.          0.          1.        ]][[-0.50449976 -0.13093458  0.85342611 -1.04082724]
 [-0.29838792  0.95397213 -0.03003036 -0.43509081]
 [-0.81021272 -0.26980235 -0.520348    1.97602899]
 [ 0.          0.          0.          1.        ]][[-0.4956757  -0.13401808  0.85810533 -1.03711762]
 [-0.29879797  0.95402456 -0.02359892 -0.43389572]
 [-0.81549088 -0.26809754 -0.51293112  1.96951234]
 [ 0.          0.          0.          1.        ]][[-0.49872562 -0.12935929  0.85705247 -1.03656672]
 [-0.29858228  0.95391956 -0.02976746 -0.43357052]
 [-0.81370841 -0.27074647 -0.51436851  1.96799368]
 [ 0.          0.          0.          1.        ]][[-0.49872562 -0.12935929  0.85705247 -1.03656672]
 [-0.29858228  0.95391956 -0.02976746 -0.43357052]
 [-0.81370841 -0.27074647 -0.51436851  1.96799368]
 [ 0.          0.          0.          1.        ]][[-0.4956757  -0.13401808  0.85810533 -1.03711762]
 [-0.29879797  0.95402456 -0.02359892 -0.43389572]
 [-0.81549088 -0.26809754 -0.51293112  1.96951234]
 [ 0.          0.          0.          1.        ]][[-0.49081596 -0.13188707  0.86122326 -1.03314696]
 [-0.2996192   0.95373909 -0.02469978 -0.43197525]
 [-0.81812471 -0.27016206 -0.50762626  1.96201195]
 [ 0.          0.          0.          1.        ]][[-0.4956757  -0.13401808  0.85810533 -1.03711762]
 [-0.29879797  0.95402456 -0.02359892 -0.43389572]
 [-0.81549088 -0.26809754 -0.51293112  1.96951234]
 [ 0.          0.          0.          1.        ]][[-0.50228389 -0.12417063  0.85574094 -1.03445858]
 [-0.29904756  0.95351398 -0.03717052 -0.43303042]
 [-0.81134546 -0.2745774  -0.51606763  1.96545222]
 [ 0.          0.          0.          1.        ]][[-0.50228389 -0.12417063  0.85574094 -1.03445858]
 [-0.29904756  0.95351398 -0.03717052 -0.43303042]
 [-0.81134546 -0.2745774  -0.51606763  1.96545222]
 [ 0.          0.          0.          1.        ]][[-0.51016018 -0.12144985  0.85146141 -1.03775262]
 [-0.29797513  0.95362653 -0.04251191 -0.43457545]
 [-0.80681312 -0.27540221 -0.52269131  1.97119717]
 [ 0.          0.          0.          1.        ]][[-0.51016018 -0.12144985  0.85146141 -1.03775262]
 [-0.29797513  0.95362653 -0.04251191 -0.43457545]
 [-0.80681312 -0.27540221 -0.52269131  1.97119717]
 [ 0.          0.          0.          1.        ]][[-0.50693877 -0.12646175  0.85265497 -1.0391727 ]
 [-0.29788748  0.95393608 -0.03562319 -0.43504564]
 [-0.80887337 -0.27205401 -0.52125856  1.97339732]
 [ 0.          0.          0.          1.        ]][[-0.49385087 -0.127278    0.86018116 -1.03261088]
 [-0.29940193  0.9536302  -0.03078858 -0.43165664]
 [-0.81637602 -0.27274487 -0.50905838  1.96052328]
 [ 0.          0.          0.          1.        ]][[-0.49197332 -0.13056284  0.86076454 -1.032038  ]
 [-0.29561575  0.95500281 -0.0241032  -0.43114497]
 [-0.81888557 -0.26631369 -0.50843234  1.95943716]
 [ 0.          0.          0.          1.        ]][[-0.48573545 -0.12999953  0.86438486 -1.02994627]
 [-0.30010318  0.95357309 -0.025228   -0.43016178]
 [-0.82097451 -0.27165878 -0.50219753  1.95501181]
 [ 0.          0.          0.          1.        ]][[-0.48840582 -0.13350999  0.86234265 -1.03451549]
 [-0.3030429   0.95267112 -0.02413983 -0.43217397]
 [-0.81830603 -0.27311685 -0.50574937  1.96410869]
 [ 0.          0.          0.          1.        ]][[-0.49954994 -0.12884005  0.85665051 -1.03684392]
 [-0.29919739  0.95368621 -0.03104074 -0.43316544]
 [-0.81297649 -0.271814   -0.5149625   1.96850721]
 [ 0.          0.          0.          1.        ]][[-0.48840582 -0.13350999  0.86234265 -1.03451549]
 [-0.3030429   0.95267112 -0.02413983 -0.43217397]
 [-0.81830603 -0.27311685 -0.50574937  1.96410869]
 [ 0.          0.          0.          1.        ]][[-0.49954994 -0.12884005  0.85665051 -1.03684392]
 [-0.29919739  0.95368621 -0.03104074 -0.43316544]
 [-0.81297649 -0.271814   -0.5149625   1.96850721]
 [ 0.          0.          0.          1.        ]]